BoneCount: 135
RootBone: 0
BoneName: RootNode
BoneIndex: 0
BoneParentIndex: -1
BoneChildrenCount: 2
1
134
1.000000 0.000000 -0.000000 0.000000
0.000000 1.000000 -0.000000 0.000000
-0.000000 -0.000000 1.000000 -0.000000
0.000000 0.000000 -0.000000 1.000000
1.000000 0.000000 0.000000 0.000000
0.000000 1.000000 0.000000 0.000000
0.000000 0.000000 1.000000 0.000000
0.000000 0.000000 0.000000 1.000000
BoneName: mixamorig:Hips
BoneIndex: 1
BoneParentIndex: 0
BoneChildrenCount: 5
2
94
109
122
128
1.000000 0.000000 -0.000000 0.000000
0.000000 1.000000 -0.000000 0.000000
-0.000000 -0.000000 1.000000 -0.000000
0.000000 0.968528 -0.030740 1.000000
1.000000 -0.000002 0.000000 0.000000
0.000002 1.000000 0.000000 0.000000
-0.000000 0.000000 1.000000 -0.000000
-0.000002 -0.968528 0.030740 1.000000
BoneName: mixamorig:Spine_$AssimpFbx$_Translation
BoneIndex: 2
BoneParentIndex: 1
BoneChildrenCount: 1
3
1.000000 0.000000 -0.000000 0.000000
0.000000 1.000000 -0.000000 0.000000
-0.000000 -0.000000 1.000000 -0.000000
0.000000 0.137848 -0.000644 1.000000
1.000000 0.000000 0.000000 0.000000
0.000000 1.000000 0.000000 0.000000
0.000000 0.000000 1.000000 0.000000
0.000000 0.000000 0.000000 1.000000
BoneName: mixamorig:Spine_$AssimpFbx$_PreRotation
BoneIndex: 3
BoneParentIndex: 2
BoneChildrenCount: 1
4
1.000000 -0.000002 0.000000 0.000000
0.000002 0.999430 -0.033753 0.000000
-0.000000 0.033753 0.999430 -0.000000
0.000000 0.000000 -0.000000 1.000000
1.000000 0.000000 0.000000 0.000000
0.000000 1.000000 0.000000 0.000000
0.000000 0.000000 1.000000 0.000000
0.000000 0.000000 0.000000 1.000000
BoneName: mixamorig:Spine
BoneIndex: 4
BoneParentIndex: 3
BoneChildrenCount: 1
5
1.000000 0.000000 -0.000000 0.000000
0.000000 1.000000 -0.000000 0.000000
-0.000000 -0.000000 1.000000 -0.000000
0.000000 0.000000 -0.000000 1.000000
1.000000 -0.000000 0.000000 0.000000
0.000000 0.999430 0.033753 0.000000
-0.000000 -0.033753 0.999430 -0.000000
-0.000000 -1.106805 -0.005978 1.000000
BoneName: mixamorig:Spine1_$AssimpFbx$_Translation
BoneIndex: 5
BoneParentIndex: 4
BoneChildrenCount: 1
6
1.000000 0.000000 -0.000000 0.000000
0.000000 1.000000 -0.000000 0.000000
-0.000000 -0.000000 1.000000 -0.000000
0.000000 0.120243 -0.000000 1.000000
1.000000 0.000000 0.000000 0.000000
0.000000 1.000000 0.000000 0.000000
0.000000 0.000000 1.000000 0.000000
0.000000 0.000000 0.000000 1.000000
BoneName: mixamorig:Spine1_$AssimpFbx$_PreRotation
BoneIndex: 6
BoneParentIndex: 5
BoneChildrenCount: 1
7
1.000000 0.000000 -0.000000 0.000000
0.000000 0.999954 0.009617 0.000000
-0.000000 -0.009617 0.999954 -0.000000
0.000000 0.000000 -0.000000 1.000000
1.000000 0.000000 0.000000 0.000000
0.000000 1.000000 0.000000 0.000000
0.000000 0.000000 1.000000 0.000000
0.000000 0.000000 0.000000 1.000000
BoneName: mixamorig:Spine1
BoneIndex: 7
BoneParentIndex: 6
BoneChildrenCount: 1
8
1.000000 0.000000 -0.000000 0.000000
0.000000 1.000000 -0.000000 0.000000
-0.000000 -0.000000 1.000000 -0.000000
0.000000 0.000000 -0.000000 1.000000
1.000000 -0.000000 0.000000 0.000000
0.000000 0.999709 0.024140 0.000000
-0.000000 -0.024140 0.999709 -0.000000
-0.000000 -1.227049 0.005823 1.000000
BoneName: mixamorig:Spine2_$AssimpFbx$_Translation
BoneIndex: 8
BoneParentIndex: 7
BoneChildrenCount: 1
9
1.000000 0.000000 -0.000000 0.000000
0.000000 1.000000 -0.000000 0.000000
-0.000000 -0.000000 1.000000 -0.000000
0.000000 0.178158 -0.000000 1.000000
1.000000 0.000000 0.000000 0.000000
0.000000 1.000000 0.000000 0.000000
0.000000 0.000000 1.000000 0.000000
0.000000 0.000000 0.000000 1.000000
BoneName: mixamorig:Spine2_$AssimpFbx$_PreRotation
BoneIndex: 9
BoneParentIndex: 8
BoneChildrenCount: 1
10
1.000000 0.000000 -0.000000 0.000000
0.000000 0.999709 0.024140 0.000000
-0.000000 -0.024140 0.999709 -0.000000
0.000000 0.000000 -0.000000 1.000000
1.000000 0.000000 0.000000 0.000000
0.000000 1.000000 0.000000 0.000000
0.000000 0.000000 1.000000 0.000000
0.000000 0.000000 0.000000 1.000000
BoneName: mixamorig:Spine2
BoneIndex: 10
BoneParentIndex: 9
BoneChildrenCount: 3
11
19
49
1.000000 0.000000 -0.000000 0.000000
0.000000 1.000000 -0.000000 0.000000
-0.000000 -0.000000 1.000000 -0.000000
0.000000 0.000000 -0.000000 1.000000
1.000000 -0.000000 0.000000 0.000000
0.000000 1.000000 0.000000 0.000000
-0.000000 0.000000 1.000000 -0.000000
-0.000000 -1.404657 0.039743 1.000000
BoneName: mixamorig:Neck
BoneIndex: 11
BoneParentIndex: 10
BoneChildrenCount: 1
12
1.000000 0.000000 -0.000000 0.000000
0.000000 1.000000 -0.000000 0.000000
-0.000000 -0.000000 1.000000 -0.000000
-0.000000 0.391176 -0.119770 1.000000
1.000000 -0.000000 0.000000 0.000000
0.000000 1.000000 0.000000 0.000000
-0.000000 -0.000000 1.000000 -0.000000
-0.000000 -1.795834 0.159512 1.000000
BoneName: mixamorig:Head
BoneIndex: 12
BoneParentIndex: 11
BoneChildrenCount: 4
13
14
15
16
1.000000 0.000000 -0.000000 0.000000
0.000000 1.000000 -0.000000 0.000000
-0.000000 -0.000000 1.000000 -0.000000
-0.000000 0.145525 -0.156641 1.000000
1.000000 -0.000000 0.000000 0.000000
0.000000 1.000000 0.000000 0.000000
-0.000000 -0.000000 1.000000 -0.000000
-0.000000 -1.941359 0.316153 1.000000
BoneName: mixamorig:HeadTop_End
BoneIndex: 13
BoneParentIndex: 12
BoneChildrenCount: 0
1.000000 0.000000 -0.000000 0.000000
0.000000 1.000000 -0.000000 0.000000
-0.000000 -0.000000 1.000000 -0.000000
-0.000000 0.156017 -0.075537 1.000000
1.000000 -0.000000 0.000000 0.000000
0.000000 1.000000 0.000000 0.000000
-0.000000 -0.000000 1.000000 -0.000000
-0.000000 -2.097376 0.391691 1.000000
BoneName: mixamorig:LeftEye
BoneIndex: 14
BoneParentIndex: 12
BoneChildrenCount: 0
1.000000 0.000000 -0.000000 0.000000
0.000000 1.000000 -0.000000 0.000000
-0.000000 -0.000000 1.000000 -0.000000
0.035287 0.024621 -0.128382 1.000000
1.000000 -0.000000 0.000000 0.000000
0.000000 1.000000 0.000000 0.000000
-0.000000 -0.000000 1.000000 -0.000000
-0.035287 -1.965980 0.444535 1.000000
BoneName: mixamorig:RightEye
BoneIndex: 15
BoneParentIndex: 12
BoneChildrenCount: 0
1.000000 0.000000 -0.000000 0.000000
0.000000 1.000000 -0.000000 0.000000
-0.000000 -0.000000 1.000000 -0.000000
-0.035287 0.024621 -0.128382 1.000000
1.000000 -0.000000 0.000000 0.000000
0.000000 1.000000 0.000000 0.000000
-0.000000 -0.000000 1.000000 -0.000000
0.035287 -1.965980 0.444535 1.000000
BoneName: mixamorig:Jaw_$AssimpFbx$_Translation
BoneIndex: 16
BoneParentIndex: 12
BoneChildrenCount: 1
17
1.000000 0.000000 -0.000000 0.000000
0.000000 1.000000 -0.000000 0.000000
-0.000000 -0.000000 1.000000 -0.000000
-0.000000 -0.023178 -0.036207 1.000000
1.000000 0.000000 0.000000 0.000000
0.000000 1.000000 0.000000 0.000000
0.000000 0.000000 1.000000 0.000000
0.000000 0.000000 0.000000 1.000000
BoneName: mixamorig:Jaw_$AssimpFbx$_PreRotation
BoneIndex: 17
BoneParentIndex: 16
BoneChildrenCount: 1
18
1.000000 0.000000 -0.000000 0.000000
0.000000 -0.587430 -0.809275 0.000000
-0.000000 0.809275 -0.587430 -0.000000
0.000000 0.000000 -0.000000 1.000000
1.000000 0.000000 0.000000 0.000000
0.000000 1.000000 0.000000 0.000000
0.000000 0.000000 1.000000 0.000000
0.000000 0.000000 0.000000 1.000000
BoneName: mixamorig:Jaw
BoneIndex: 18
BoneParentIndex: 17
BoneChildrenCount: 0
1.000000 0.000000 -0.000000 0.000000
0.000000 1.000000 -0.000000 0.000000
-0.000000 -0.000000 1.000000 -0.000000
0.000000 0.000000 -0.000000 1.000000
1.000000 0.000000 -0.000000 0.000000
0.000000 -0.587430 0.809275 0.000000
-0.000000 -0.809275 -0.587430 -0.000000
0.000000 0.841640 -1.759323 1.000000
BoneName: mixamorig:LeftShoulder_$AssimpFbx$_Translation
BoneIndex: 19
BoneParentIndex: 10
BoneChildrenCount: 1
20
1.000000 0.000000 -0.000000 0.000000
0.000000 1.000000 -0.000000 0.000000
-0.000000 -0.000000 1.000000 -0.000000
0.173995 0.246142 -0.011579 1.000000
1.000000 0.000000 0.000000 0.000000
0.000000 1.000000 0.000000 0.000000
0.000000 0.000000 1.000000 0.000000
0.000000 0.000000 0.000000 1.000000
BoneName: mixamorig:LeftShoulder_$AssimpFbx$_PreRotation
BoneIndex: 20
BoneParentIndex: 19
BoneChildrenCount: 1
21
0.088174 0.026843 0.995743 0.000000
0.952580 0.289994 -0.092170 0.000000
-0.291234 0.956652 -0.000000 -0.000000
0.000000 0.000000 -0.000000 1.000000
1.000000 0.000000 0.000000 0.000000
0.000000 1.000000 0.000000 0.000000
0.000000 0.000000 1.000000 0.000000
0.000000 0.000000 0.000000 1.000000
BoneName: mixamorig:LeftShoulder
BoneIndex: 21
BoneParentIndex: 20
BoneChildrenCount: 1
22
1.000000 0.000000 -0.000000 0.000000
0.000000 1.000000 -0.000000 0.000000
-0.000000 -0.000000 1.000000 -0.000000
0.000000 0.000000 -0.000000 1.000000
0.088174 0.952580 -0.291234 0.000000
0.026843 0.289994 0.956652 0.000000
0.995743 -0.092170 0.000000 -0.000000
-0.008551 -0.649196 -1.528567 1.000000
BoneName: mixamorig:LeftArm_$AssimpFbx$_Translation
BoneIndex: 22
BoneParentIndex: 21
BoneChildrenCount: 1
23
1.000000 0.000000 -0.000000 0.000000
0.000000 1.000000 -0.000000 0.000000
-0.000000 -0.000000 1.000000 -0.000000
0.000000 0.199104 0.000000 1.000000
1.000000 0.000000 0.000000 0.000000
0.000000 1.000000 0.000000 0.000000
0.000000 0.000000 1.000000 0.000000
0.000000 0.000000 0.000000 1.000000
BoneName: mixamorig:LeftArm_$AssimpFbx$_PreRotation
BoneIndex: 23
BoneParentIndex: 22
BoneChildrenCount: 1
24
0.995743 -0.092170 -0.000000 0.000000
0.088174 0.952580 -0.291234 0.000000
0.026843 0.289994 0.956652 -0.000000
0.000000 0.000000 -0.000000 1.000000
1.000000 0.000000 0.000000 0.000000
0.000000 1.000000 0.000000 0.000000
0.000000 0.000000 1.000000 0.000000
0.000000 0.000000 0.000000 1.000000
BoneName: mixamorig:LeftArm
BoneIndex: 24
BoneParentIndex: 23
BoneChildrenCount: 1
25
1.000000 0.000000 -0.000000 0.000000
0.000000 1.000000 -0.000000 0.000000
-0.000000 -0.000000 1.000000 -0.000000
0.000000 0.000000 -0.000000 1.000000
0.000000 1.000000 -0.000000 0.000000
-0.000000 0.000000 1.000000 0.000000
1.000000 -0.000000 0.000000 -0.000000
0.069673 -0.363657 -1.708538 1.000000
BoneName: mixamorig:LeftForeArm
BoneIndex: 25
BoneParentIndex: 24
BoneChildrenCount: 1
26
0.999848 0.017452 -0.000000 0.000000
-0.017452 0.999848 -0.000000 0.000000
-0.000000 -0.000000 1.000000 -0.000000
-0.000000 0.493013 -0.000000 1.000000
0.017452 0.999848 0.000001 0.000000
-0.000000 -0.000001 1.000000 0.000000
0.999848 -0.017452 -0.000000 -0.000000
0.054711 -0.857754 -1.708539 1.000000
BoneName: mixamorig:LeftHand
BoneIndex: 26
BoneParentIndex: 25
BoneChildrenCount: 5
27
33
37
41
45
1.000000 0.000000 -0.000000 0.000000
0.000000 1.000000 -0.000000 0.000000
-0.000000 -0.000000 1.000000 -0.000000
0.000000 0.316047 -0.000000 1.000000
0.017452 0.999848 0.000001 0.000000
-0.000000 -0.000001 1.000000 0.000000
0.999848 -0.017452 -0.000000 -0.000000
0.054712 -1.173801 -1.708539 1.000000
BoneName: mixamorig:LeftHandThumb1_$AssimpFbx$_Translation
BoneIndex: 27
BoneParentIndex: 26
BoneChildrenCount: 1
28
1.000000 0.000000 -0.000000 0.000000
0.000000 1.000000 -0.000000 0.000000
-0.000000 -0.000000 1.000000 -0.000000
-0.070596 0.060945 -0.043972 1.000000
1.000000 0.000000 0.000000 0.000000
0.000000 1.000000 0.000000 0.000000
0.000000 0.000000 1.000000 0.000000
0.000000 0.000000 0.000000 1.000000
BoneName: mixamorig:LeftHandThumb1_$AssimpFbx$_PreRotation
BoneIndex: 28
BoneParentIndex: 27
BoneChildrenCount: 1
29
0.859933 0.509874 0.023294 0.000000
-0.447375 0.774924 -0.446485 0.000000
-0.245703 0.373526 0.894488 -0.000000
0.000000 0.000000 -0.000000 1.000000
1.000000 0.000000 0.000000 0.000000
0.000000 1.000000 0.000000 0.000000
0.000000 0.000000 1.000000 0.000000
0.000000 0.000000 0.000000 1.000000
BoneName: mixamorig:LeftHandThumb1
BoneIndex: 29
BoneParentIndex: 28
BoneChildrenCount: 1
30
1.000000 0.000000 -0.000000 0.000000
0.000000 1.000000 -0.000000 0.000000
-0.000000 -0.000000 1.000000 -0.000000
0.000000 0.000000 -0.000000 1.000000
0.524804 0.766998 0.369182 0.000000
0.023294 -0.446486 0.894488 0.000000
0.850904 -0.460831 -0.252184 -0.000000
-0.560584 -0.269689 -1.980934 1.000000
BoneName: mixamorig:LeftHandThumb2
BoneIndex: 30
BoneParentIndex: 29
BoneChildrenCount: 1
31
1.000000 0.000000 -0.000000 0.000000
0.000000 1.000000 -0.000000 0.000000
-0.000000 -0.000000 1.000000 -0.000000
-0.000000 0.075365 -0.000000 1.000000
0.524804 0.766998 0.369182 0.000000
0.023294 -0.446486 0.894488 0.000000
0.850904 -0.460831 -0.252184 -0.000000
-0.560584 -0.345053 -1.980934 1.000000
BoneName: mixamorig:LeftHandThumb3
BoneIndex: 31
BoneParentIndex: 30
BoneChildrenCount: 1
32
1.000000 0.000000 -0.000000 0.000000
0.000000 1.000000 -0.000000 0.000000
-0.000000 -0.000000 1.000000 -0.000000
0.000000 0.075123 0.000000 1.000000
0.524804 0.766998 0.369182 0.000000
0.023294 -0.446486 0.894488 0.000000
0.850904 -0.460831 -0.252184 -0.000000
-0.560584 -0.420177 -1.980934 1.000000
BoneName: mixamorig:LeftHandThumb4
BoneIndex: 32
BoneParentIndex: 31
BoneChildrenCount: 0
1.000000 0.000000 -0.000000 0.000000
0.000000 1.000000 -0.000000 0.000000
-0.000000 -0.000000 1.000000 -0.000000
-0.000000 0.102124 -0.000000 1.000000
0.524804 0.766998 0.369182 0.000000
0.023294 -0.446486 0.894488 0.000000
0.850904 -0.460831 -0.252184 -0.000000
-0.560584 -0.522301 -1.980934 1.000000
BoneName: mixamorig:LeftHandIndex1
BoneIndex: 33
BoneParentIndex: 26
BoneChildrenCount: 1
34
1.000000 0.000000 -0.000000 0.000000
0.000000 1.000000 -0.000000 0.000000
-0.000000 -0.000000 1.000000 -0.000000
-0.061929 0.212711 -0.004987 1.000000
0.017452 0.999848 0.000001 0.000000
-0.000000 -0.000001 1.000000 0.000000
0.999848 -0.017452 -0.000000 -0.000000
0.116640 -1.386512 -1.703551 1.000000
BoneName: mixamorig:LeftHandIndex2
BoneIndex: 34
BoneParentIndex: 33
BoneChildrenCount: 1
35
1.000000 0.000000 -0.000000 0.000000
0.000000 1.000000 -0.000000 0.000000
-0.000000 -0.000000 1.000000 -0.000000
-0.000000 0.075365 -0.000000 1.000000
0.017452 0.999848 0.000001 0.000000
-0.000000 -0.000001 1.000000 0.000000
0.999848 -0.017452 -0.000000 -0.000000
0.116640 -1.461877 -1.703551 1.000000
BoneName: mixamorig:LeftHandIndex3
BoneIndex: 35
BoneParentIndex: 34
BoneChildrenCount: 1
36
1.000000 0.000000 -0.000000 0.000000
0.000000 1.000000 -0.000000 0.000000
-0.000000 -0.000000 1.000000 -0.000000
-0.000000 0.075123 -0.000000 1.000000
0.017452 0.999848 0.000001 0.000000
-0.000000 -0.000001 1.000000 0.000000
0.999848 -0.017452 -0.000000 -0.000000
0.116640 -1.537000 -1.703551 1.000000
BoneName: mixamorig:LeftHandIndex4
BoneIndex: 36
BoneParentIndex: 35
BoneChildrenCount: 0
1.000000 0.000000 -0.000000 0.000000
0.000000 1.000000 -0.000000 0.000000
-0.000000 -0.000000 1.000000 -0.000000
-0.000000 0.102124 -0.000000 1.000000
0.017452 0.999848 0.000001 0.000000
-0.000000 -0.000001 1.000000 0.000000
0.999848 -0.017452 -0.000000 -0.000000
0.116640 -1.639124 -1.703551 1.000000
BoneName: mixamorig:LeftHandMiddle1
BoneIndex: 37
BoneParentIndex: 26
BoneChildrenCount: 1
38
1.000000 0.000000 -0.000000 0.000000
0.000000 1.000000 -0.000000 0.000000
-0.000000 -0.000000 1.000000 -0.000000
0.000165 0.233344 -0.000086 1.000000
0.017452 0.999848 0.000001 0.000000
-0.000000 -0.000001 1.000000 0.000000
0.999848 -0.017452 -0.000000 -0.000000
0.054546 -1.407146 -1.708453 1.000000
BoneName: mixamorig:LeftHandMiddle2
BoneIndex: 38
BoneParentIndex: 37
BoneChildrenCount: 1
39
1.000000 0.000000 -0.000000 0.000000
0.000000 1.000000 -0.000000 0.000000
-0.000000 -0.000000 1.000000 -0.000000
0.000000 0.069966 -0.000000 1.000000
0.017452 0.999848 0.000001 0.000000
-0.000000 -0.000001 1.000000 0.000000
0.999848 -0.017452 -0.000000 -0.000000
0.054546 -1.477112 -1.708453 1.000000
BoneName: mixamorig:LeftHandMiddle3
BoneIndex: 39
BoneParentIndex: 38
BoneChildrenCount: 1
40
1.000000 0.000000 -0.000000 0.000000
0.000000 1.000000 -0.000000 0.000000
-0.000000 -0.000000 1.000000 -0.000000
-0.000000 0.070160 -0.000000 1.000000
0.017452 0.999848 0.000001 0.000000
-0.000000 -0.000001 1.000000 0.000000
0.999848 -0.017452 -0.000000 -0.000000
0.054546 -1.547271 -1.708453 1.000000
BoneName: mixamorig:LeftHandMiddle4
BoneIndex: 40
BoneParentIndex: 39
BoneChildrenCount: 0
1.000000 0.000000 -0.000000 0.000000
0.000000 1.000000 -0.000000 0.000000
-0.000000 -0.000000 1.000000 -0.000000
-0.000000 0.077216 -0.000000 1.000000
0.017452 0.999848 0.000001 0.000000
-0.000000 -0.000001 1.000000 0.000000
0.999848 -0.017452 -0.000000 -0.000000
0.054546 -1.624487 -1.708453 1.000000
BoneName: mixamorig:LeftHandRing1
BoneIndex: 41
BoneParentIndex: 26
BoneChildrenCount: 1
42
1.000000 0.000000 -0.000000 0.000000
0.000000 1.000000 -0.000000 0.000000
-0.000000 -0.000000 1.000000 -0.000000
0.065169 0.226866 -0.001036 1.000000
0.017452 0.999848 0.000001 0.000000
-0.000000 -0.000001 1.000000 0.000000
0.999848 -0.017452 -0.000000 -0.000000
-0.010458 -1.400668 -1.707503 1.000000
BoneName: mixamorig:LeftHandRing2
BoneIndex: 42
BoneParentIndex: 41
BoneChildrenCount: 1
43
1.000000 0.000000 -0.000000 0.000000
0.000000 1.000000 -0.000000 0.000000
-0.000000 -0.000000 1.000000 -0.000000
-0.000000 0.064086 -0.000000 1.000000
0.017452 0.999848 0.000001 0.000000
-0.000000 -0.000001 1.000000 0.000000
0.999848 -0.017452 -0.000000 -0.000000
-0.010458 -1.464754 -1.707503 1.000000
BoneName: mixamorig:LeftHandRing3
BoneIndex: 43
BoneParentIndex: 42
BoneChildrenCount: 1
44
1.000000 0.000000 -0.000000 0.000000
0.000000 1.000000 -0.000000 0.000000
-0.000000 -0.000000 1.000000 -0.000000
-0.000000 0.061503 -0.000000 1.000000
0.017452 0.999848 0.000001 0.000000
-0.000000 -0.000001 1.000000 0.000000
0.999848 -0.017452 -0.000000 -0.000000
-0.010458 -1.526257 -1.707503 1.000000
BoneName: mixamorig:LeftHandRing4
BoneIndex: 44
BoneParentIndex: 43
BoneChildrenCount: 0
1.000000 0.000000 -0.000000 0.000000
0.000000 1.000000 -0.000000 0.000000
-0.000000 -0.000000 1.000000 -0.000000
-0.000000 0.061454 -0.000000 1.000000
0.017452 0.999848 0.000001 0.000000
-0.000000 -0.000001 1.000000 0.000000
0.999848 -0.017452 -0.000000 -0.000000
-0.010458 -1.587711 -1.707503 1.000000
BoneName: mixamorig:LeftHandPinky1
BoneIndex: 45
BoneParentIndex: 26
BoneChildrenCount: 1
46
1.000000 0.000000 -0.000000 0.000000
0.000000 1.000000 -0.000000 0.000000
-0.000000 -0.000000 1.000000 -0.000000
0.114432 0.188812 -0.004618 1.000000
0.017452 0.999848 0.000001 0.000000
-0.000000 -0.000001 1.000000 0.000000
0.999848 -0.017452 -0.000000 -0.000000
-0.059721 -1.362613 -1.703921 1.000000
BoneName: mixamorig:LeftHandPinky2
BoneIndex: 46
BoneParentIndex: 45
BoneChildrenCount: 1
47
1.000000 0.000000 -0.000000 0.000000
0.000000 1.000000 -0.000000 0.000000
-0.000000 -0.000000 1.000000 -0.000000
-0.000000 0.049196 -0.000000 1.000000
0.017452 0.999848 0.000001 0.000000
-0.000000 -0.000001 1.000000 0.000000
0.999848 -0.017452 -0.000000 -0.000000
-0.059721 -1.411810 -1.703921 1.000000
BoneName: mixamorig:LeftHandPinky3
BoneIndex: 47
BoneParentIndex: 46
BoneChildrenCount: 1
48
1.000000 0.000000 -0.000000 0.000000
0.000000 1.000000 -0.000000 0.000000
-0.000000 -0.000000 1.000000 -0.000000
-0.000000 0.052330 -0.000000 1.000000
0.017452 0.999848 0.000001 0.000000
-0.000000 -0.000001 1.000000 0.000000
0.999848 -0.017452 -0.000000 -0.000000
-0.059721 -1.464140 -1.703921 1.000000
BoneName: mixamorig:LeftHandPinky4
BoneIndex: 48
BoneParentIndex: 47
BoneChildrenCount: 0
1.000000 0.000000 -0.000000 0.000000
0.000000 1.000000 -0.000000 0.000000
-0.000000 -0.000000 1.000000 -0.000000
-0.000000 0.055717 -0.000000 1.000000
0.017452 0.999848 0.000001 0.000000
-0.000000 -0.000001 1.000000 0.000000
0.999848 -0.017452 -0.000000 -0.000000
-0.059721 -1.519857 -1.703921 1.000000
BoneName: mixamorig:RightShoulder_$AssimpFbx$_Translation
BoneIndex: 49
BoneParentIndex: 10
BoneChildrenCount: 1
50
1.000000 0.000000 -0.000000 0.000000
0.000000 1.000000 -0.000000 0.000000
-0.000000 -0.000000 1.000000 -0.000000
-0.173995 0.246143 -0.011579 1.000000
1.000000 0.000000 0.000000 0.000000
0.000000 1.000000 0.000000 0.000000
0.000000 0.000000 1.000000 0.000000
0.000000 0.000000 0.000000 1.000000
BoneName: mixamorig:RightShoulder_$AssimpFbx$_PreRotation
BoneIndex: 50
BoneParentIndex: 49
BoneChildrenCount: 1
51
0.088174 -0.026843 -0.995743 0.000000
-0.952578 0.289999 -0.092169 0.000000
0.291239 0.956650 -0.000000 -0.000000
0.000000 0.000000 -0.000000 1.000000
1.000000 0.000000 0.000000 0.000000
0.000000 1.000000 0.000000 0.000000
0.000000 0.000000 1.000000 0.000000
0.000000 0.000000 0.000000 1.000000
BoneName: mixamorig:RightShoulder
BoneIndex: 51
BoneParentIndex: 50
BoneChildrenCount: 1
52
1.000000 0.000000 -0.000000 0.000000
0.000000 1.000000 -0.000000 0.000000
-0.000000 -0.000000 1.000000 -0.000000
0.000000 0.000000 -0.000000 1.000000
0.088174 -0.952578 0.291239 0.000000
-0.026843 0.289999 0.956650 0.000000
-0.995743 -0.092169 -0.000000 -0.000000
0.008552 -0.649205 -1.528564 1.000000
BoneName: mixamorig:RightArm_$AssimpFbx$_Translation
BoneIndex: 52
BoneParentIndex: 51
BoneChildrenCount: 1
53
1.000000 0.000000 -0.000000 0.000000
0.000000 1.000000 -0.000000 0.000000
-0.000000 -0.000000 1.000000 -0.000000
0.000000 0.199104 0.000000 1.000000
1.000000 0.000000 0.000000 0.000000
0.000000 1.000000 0.000000 0.000000
0.000000 0.000000 1.000000 0.000000
0.000000 0.000000 0.000000 1.000000
BoneName: mixamorig:RightArm_$AssimpFbx$_PreRotation
BoneIndex: 53
BoneParentIndex: 52
BoneChildrenCount: 1
54
0.995743 0.092169 -0.000000 0.000000
-0.088174 0.952578 -0.291239 0.000000
-0.026843 0.289999 0.956650 -0.000000
0.000000 0.000000 -0.000000 1.000000
1.000000 0.000000 0.000000 0.000000
0.000000 1.000000 0.000000 0.000000
0.000000 0.000000 1.000000 0.000000
0.000000 0.000000 0.000000 1.000000
BoneName: mixamorig:RightArm
BoneIndex: 54
BoneParentIndex: 53
BoneChildrenCount: 2
55
83
1.000000 0.000000 -0.000000 0.000000
0.000000 1.000000 -0.000000 0.000000
-0.000000 -0.000000 1.000000 -0.000000
0.000000 0.000000 -0.000000 1.000000
0.000000 -1.000000 -0.000000 0.000000
0.000000 -0.000000 1.000000 0.000000
-1.000000 -0.000000 -0.000000 -0.000000
-0.069673 -0.363657 -1.708540 1.000000
BoneName: mixamorig:RightForeArm
BoneIndex: 55
BoneParentIndex: 54
BoneChildrenCount: 1
56
0.999848 -0.017452 -0.000000 0.000000
0.017452 0.999848 -0.000000 0.000000
-0.000000 -0.000000 1.000000 -0.000000
0.000000 0.493013 -0.000000 1.000000
0.017452 -0.999848 -0.000000 0.000000
-0.000000 -0.000000 1.000000 0.000000
-0.999848 -0.017452 -0.000000 -0.000000
-0.054711 -0.857755 -1.708540 1.000000
BoneName: mixamorig:RightHand
BoneIndex: 56
BoneParentIndex: 55
BoneChildrenCount: 5
57
67
71
75
79
1.000000 0.000000 -0.000000 0.000000
0.000000 1.000000 -0.000000 0.000000
-0.000000 -0.000000 1.000000 -0.000000
-0.000000 0.316050 -0.000000 1.000000
0.017452 -0.999848 -0.000000 0.000000
-0.000000 -0.000000 1.000000 0.000000
-0.999848 -0.017452 -0.000000 -0.000000
-0.054711 -1.173805 -1.708540 1.000000
BoneName: mixamorig:RightHandThumb1_$AssimpFbx$_Translation
BoneIndex: 57
BoneParentIndex: 56
BoneChildrenCount: 1
58
1.000000 0.000000 -0.000000 0.000000
0.000000 1.000000 -0.000000 0.000000
-0.000000 -0.000000 1.000000 -0.000000
0.070597 0.060940 -0.043970 1.000000
1.000000 0.000000 0.000000 0.000000
0.000000 1.000000 0.000000 0.000000
0.000000 0.000000 1.000000 0.000000
0.000000 0.000000 0.000000 1.000000
BoneName: mixamorig:RightHandThumb1_$AssimpFbx$_PreRotation
BoneIndex: 58
BoneParentIndex: 57
BoneChildrenCount: 1
59
0.861397 -0.507617 -0.017889 0.000000
0.447379 0.774911 -0.446503 0.000000
0.240515 0.376613 0.894603 -0.000000
0.000000 0.000000 -0.000000 1.000000
1.000000 0.000000 0.000000 0.000000
0.000000 1.000000 0.000000 0.000000
0.000000 0.000000 1.000000 0.000000
0.000000 0.000000 0.000000 1.000000
BoneName: mixamorig:RightHandThumb1
BoneIndex: 59
BoneParentIndex: 58
BoneChildrenCount: 1
60
1.000000 0.000000 -0.000000 0.000000
0.000000 1.000000 -0.000000 0.000000
-0.000000 -0.000000 1.000000 -0.000000
0.000000 0.000000 -0.000000 1.000000
0.522573 -0.766986 -0.372359 0.000000
-0.017889 -0.446503 0.894603 0.000000
-0.852407 -0.460834 -0.247050 -0.000000
0.548615 -0.269643 -1.984290 1.000000
BoneName: mixamorig:RightHandThumb2_$AssimpFbx$_Translation
BoneIndex: 60
BoneParentIndex: 59
BoneChildrenCount: 1
61
1.000000 0.000000 -0.000000 0.000000
0.000000 1.000000 -0.000000 0.000000
-0.000000 -0.000000 1.000000 -0.000000
-0.000000 0.075363 -0.000000 1.000000
1.000000 0.000000 0.000000 0.000000
0.000000 1.000000 0.000000 0.000000
0.000000 0.000000 1.000000 0.000000
0.000000 0.000000 0.000000 1.000000
BoneName: mixamorig:RightHandThumb2_$AssimpFbx$_PreRotation
BoneIndex: 61
BoneParentIndex: 60
BoneChildrenCount: 1
62
1.000000 0.000048 0.000000 0.000000
-0.000048 1.000000 0.000062 0.000000
-0.000000 -0.000062 1.000000 -0.000000
0.000000 0.000000 -0.000000 1.000000
1.000000 0.000000 0.000000 0.000000
0.000000 1.000000 0.000000 0.000000
0.000000 0.000000 1.000000 0.000000
0.000000 0.000000 0.000000 1.000000
BoneName: mixamorig:RightHandThumb2
BoneIndex: 62
BoneParentIndex: 61
BoneChildrenCount: 1
63
1.000000 0.000000 -0.000000 0.000000
0.000000 1.000000 -0.000000 0.000000
-0.000000 -0.000000 1.000000 -0.000000
0.000000 0.000000 -0.000000 1.000000
0.522536 -0.767034 -0.372311 0.000000
-0.017910 -0.446447 0.894631 0.000000
-0.852429 -0.460808 -0.247022 -0.000000
0.548597 -0.345155 -1.984269 1.000000
BoneName: mixamorig:RightHandThumb3_$AssimpFbx$_Translation
BoneIndex: 63
BoneParentIndex: 62
BoneChildrenCount: 1
64
1.000000 0.000000 -0.000000 0.000000
0.000000 1.000000 -0.000000 0.000000
-0.000000 -0.000000 1.000000 -0.000000
-0.000000 0.075127 0.000000 1.000000
1.000000 0.000000 0.000000 0.000000
0.000000 1.000000 0.000000 0.000000
0.000000 0.000000 1.000000 0.000000
0.000000 0.000000 0.000000 1.000000
BoneName: mixamorig:RightHandThumb3_$AssimpFbx$_PreRotation
BoneIndex: 64
BoneParentIndex: 63
BoneChildrenCount: 1
65
1.000000 -0.000033 -0.000000 0.000000
0.000033 1.000000 -0.000063 0.000000
0.000000 0.000063 1.000000 -0.000000
0.000000 0.000000 -0.000000 1.000000
1.000000 0.000000 0.000000 0.000000
0.000000 1.000000 0.000000 0.000000
0.000000 0.000000 1.000000 0.000000
0.000000 0.000000 0.000000 1.000000
BoneName: mixamorig:RightHandThumb3
BoneIndex: 65
BoneParentIndex: 64
BoneChildrenCount: 1
66
1.000000 0.000000 -0.000000 0.000000
0.000000 1.000000 -0.000000 0.000000
-0.000000 -0.000000 1.000000 -0.000000
0.000000 0.000000 -0.000000 1.000000
0.522561 -0.766993 -0.372359 0.000000
-0.017895 -0.446504 0.894603 0.000000
-0.852414 -0.460821 -0.247051 -0.000000
0.548612 -0.420139 -1.984295 1.000000
BoneName: mixamorig:RightHandThumb4
BoneIndex: 66
BoneParentIndex: 65
BoneChildrenCount: 0
1.000000 0.000000 -0.000000 0.000000
0.000000 1.000000 -0.000000 0.000000
-0.000000 -0.000000 1.000000 -0.000000
0.000000 0.102127 -0.000000 1.000000
0.522561 -0.766993 -0.372359 0.000000
-0.017895 -0.446504 0.894603 0.000000
-0.852414 -0.460821 -0.247051 -0.000000
0.548612 -0.522266 -1.984295 1.000000
BoneName: mixamorig:RightHandIndex1
BoneIndex: 67
BoneParentIndex: 56
BoneChildrenCount: 1
68
1.000000 0.000000 -0.000000 0.000000
0.000000 1.000000 -0.000000 0.000000
-0.000000 -0.000000 1.000000 -0.000000
0.061929 0.212710 -0.004990 1.000000
0.017452 -0.999848 -0.000000 0.000000
-0.000000 -0.000000 1.000000 0.000000
-0.999848 -0.017452 -0.000000 -0.000000
-0.116640 -1.386515 -1.703550 1.000000
BoneName: mixamorig:RightHandIndex2
BoneIndex: 68
BoneParentIndex: 67
BoneChildrenCount: 1
69
1.000000 0.000000 -0.000000 0.000000
0.000000 1.000000 -0.000000 0.000000
-0.000000 -0.000000 1.000000 -0.000000
0.000000 0.075360 -0.000000 1.000000
0.017452 -0.999848 -0.000000 0.000000
-0.000000 -0.000000 1.000000 0.000000
-0.999848 -0.017452 -0.000000 -0.000000
-0.116640 -1.461875 -1.703550 1.000000
BoneName: mixamorig:RightHandIndex3
BoneIndex: 69
BoneParentIndex: 68
BoneChildrenCount: 1
70
1.000000 0.000000 -0.000000 0.000000
0.000000 1.000000 -0.000000 0.000000
-0.000000 -0.000000 1.000000 -0.000000
-0.000000 0.075130 -0.000000 1.000000
0.017452 -0.999848 -0.000000 0.000000
-0.000000 -0.000000 1.000000 0.000000
-0.999848 -0.017452 -0.000000 -0.000000
-0.116640 -1.537005 -1.703550 1.000000
BoneName: mixamorig:RightHandIndex4
BoneIndex: 70
BoneParentIndex: 69
BoneChildrenCount: 0
1.000000 0.000000 -0.000000 0.000000
0.000000 1.000000 -0.000000 0.000000
-0.000000 -0.000000 1.000000 -0.000000
-0.000000 0.102120 -0.000000 1.000000
0.017452 -0.999848 -0.000000 0.000000
-0.000000 -0.000000 1.000000 0.000000
-0.999848 -0.017452 -0.000000 -0.000000
-0.116640 -1.639125 -1.703550 1.000000
BoneName: mixamorig:RightHandMiddle1
BoneIndex: 71
BoneParentIndex: 56
BoneChildrenCount: 1
72
1.000000 0.000000 -0.000000 0.000000
0.000000 1.000000 -0.000000 0.000000
-0.000000 -0.000000 1.000000 -0.000000
-0.000165 0.233340 -0.000090 1.000000
0.017454 -0.999848 -0.000000 0.000000
-0.000000 -0.000000 1.000000 0.000000
-0.999848 -0.017454 -0.000000 -0.000000
-0.054544 -1.407146 -1.708450 1.000000
BoneName: mixamorig:RightHandMiddle2
BoneIndex: 72
BoneParentIndex: 71
BoneChildrenCount: 1
73
1.000000 0.000000 -0.000000 0.000000
0.000000 1.000000 -0.000000 0.000000
-0.000000 -0.000000 1.000000 -0.000000
-0.000000 0.069970 -0.000000 1.000000
0.017455 -0.999848 -0.000000 0.000000
-0.000000 -0.000000 1.000000 0.000000
-0.999848 -0.017455 -0.000000 -0.000000
-0.054542 -1.477116 -1.708450 1.000000
BoneName: mixamorig:RightHandMiddle3
BoneIndex: 73
BoneParentIndex: 72
BoneChildrenCount: 1
74
1.000000 0.000000 -0.000000 0.000000
0.000000 1.000000 -0.000000 0.000000
-0.000000 -0.000000 1.000000 -0.000000
0.000000 0.070160 -0.000000 1.000000
0.017455 -0.999848 -0.000000 0.000000
-0.000000 -0.000000 1.000000 0.000000
-0.999848 -0.017455 -0.000000 -0.000000
-0.054542 -1.547276 -1.708450 1.000000
BoneName: mixamorig:RightHandMiddle4
BoneIndex: 74
BoneParentIndex: 73
BoneChildrenCount: 0
1.000000 0.000000 -0.000000 0.000000
0.000000 1.000000 -0.000000 0.000000
-0.000000 -0.000000 1.000000 -0.000000
0.000000 0.077210 0.000000 1.000000
0.017455 -0.999848 -0.000000 0.000000
-0.000000 -0.000000 1.000000 0.000000
-0.999848 -0.017455 -0.000000 -0.000000
-0.054542 -1.624486 -1.708450 1.000000
BoneName: mixamorig:RightHandRing1
BoneIndex: 75
BoneParentIndex: 56
BoneChildrenCount: 1
76
1.000000 0.000000 -0.000000 0.000000
0.000000 1.000000 -0.000000 0.000000
-0.000000 -0.000000 1.000000 -0.000000
-0.065169 0.226860 -0.001040 1.000000
0.017452 -0.999848 -0.000000 0.000000
-0.000000 -0.000000 1.000000 0.000000
-0.999848 -0.017452 -0.000000 -0.000000
0.010458 -1.400665 -1.707500 1.000000
BoneName: mixamorig:RightHandRing2
BoneIndex: 76
BoneParentIndex: 75
BoneChildrenCount: 1
77
1.000000 0.000000 -0.000000 0.000000
0.000000 1.000000 -0.000000 0.000000
-0.000000 -0.000000 1.000000 -0.000000
-0.000000 0.064090 -0.000000 1.000000
0.017452 -0.999848 -0.000000 0.000000
-0.000000 -0.000000 1.000000 0.000000
-0.999848 -0.017452 -0.000000 -0.000000
0.010458 -1.464755 -1.707500 1.000000
BoneName: mixamorig:RightHandRing3
BoneIndex: 77
BoneParentIndex: 76
BoneChildrenCount: 1
78
1.000000 0.000000 -0.000000 0.000000
0.000000 1.000000 -0.000000 0.000000
-0.000000 -0.000000 1.000000 -0.000000
-0.000000 0.061500 -0.000000 1.000000
0.017452 -0.999848 -0.000000 0.000000
-0.000000 -0.000000 1.000000 0.000000
-0.999848 -0.017452 -0.000000 -0.000000
0.010458 -1.526255 -1.707500 1.000000
BoneName: mixamorig:RightHandRing4
BoneIndex: 78
BoneParentIndex: 77
BoneChildrenCount: 0
1.000000 0.000000 -0.000000 0.000000
0.000000 1.000000 -0.000000 0.000000
-0.000000 -0.000000 1.000000 -0.000000
0.000000 0.061460 -0.000000 1.000000
0.017452 -0.999848 -0.000000 0.000000
-0.000000 -0.000000 1.000000 0.000000
-0.999848 -0.017452 -0.000000 -0.000000
0.010458 -1.587715 -1.707500 1.000000
BoneName: mixamorig:RightHandPinky1
BoneIndex: 79
BoneParentIndex: 56
BoneChildrenCount: 1
80
1.000000 0.000000 -0.000000 0.000000
0.000000 1.000000 -0.000000 0.000000
-0.000000 -0.000000 1.000000 -0.000000
-0.114432 0.188810 -0.004620 1.000000
0.017452 -0.999848 -0.000000 0.000000
-0.000000 -0.000000 1.000000 0.000000
-0.999848 -0.017452 -0.000000 -0.000000
0.059721 -1.362615 -1.703920 1.000000
BoneName: mixamorig:RightHandPinky2
BoneIndex: 80
BoneParentIndex: 79
BoneChildrenCount: 1
81
1.000000 0.000000 -0.000000 0.000000
0.000000 1.000000 -0.000000 0.000000
-0.000000 -0.000000 1.000000 -0.000000
0.000000 0.049200 -0.000000 1.000000
0.017452 -0.999848 -0.000000 0.000000
-0.000000 -0.000000 1.000000 0.000000
-0.999848 -0.017452 -0.000000 -0.000000
0.059721 -1.411815 -1.703920 1.000000
BoneName: mixamorig:RightHandPinky3
BoneIndex: 81
BoneParentIndex: 80
BoneChildrenCount: 1
82
1.000000 0.000000 -0.000000 0.000000
0.000000 1.000000 -0.000000 0.000000
-0.000000 -0.000000 1.000000 -0.000000
-0.000000 0.052330 -0.000000 1.000000
0.017452 -0.999848 -0.000000 0.000000
-0.000000 -0.000000 1.000000 0.000000
-0.999848 -0.017452 -0.000000 -0.000000
0.059721 -1.464145 -1.703920 1.000000
BoneName: mixamorig:RightHandPinky4
BoneIndex: 82
BoneParentIndex: 81
BoneChildrenCount: 0
1.000000 0.000000 -0.000000 0.000000
0.000000 1.000000 -0.000000 0.000000
-0.000000 -0.000000 1.000000 -0.000000
-0.000000 0.055710 -0.000000 1.000000
0.017452 -0.999848 -0.000000 0.000000
-0.000000 -0.000000 1.000000 0.000000
-0.999848 -0.017452 -0.000000 -0.000000
0.059721 -1.519855 -1.703920 1.000000
BoneName: mixamorig:RightArmour1_$AssimpFbx$_Translation
BoneIndex: 83
BoneParentIndex: 54
BoneChildrenCount: 1
84
1.000000 0.000000 -0.000000 0.000000
0.000000 1.000000 -0.000000 0.000000
-0.000000 -0.000000 1.000000 -0.000000
-0.014673 0.050129 0.184711 1.000000
1.000000 0.000000 0.000000 0.000000
0.000000 1.000000 0.000000 0.000000
0.000000 0.000000 1.000000 0.000000
0.000000 0.000000 0.000000 1.000000
BoneName: mixamorig:RightArmour1_$AssimpFbx$_PreRotation
BoneIndex: 84
BoneParentIndex: 83
BoneChildrenCount: 1
85
-0.000000 -1.000000 -0.000000 0.000000
-0.000000 0.000000 1.000000 0.000000
-1.000000 0.000000 -0.000000 -0.000000
0.000000 0.000000 -0.000000 1.000000
1.000000 0.000000 0.000000 0.000000
0.000000 1.000000 0.000000 0.000000
0.000000 0.000000 1.000000 0.000000
0.000000 0.000000 0.000000 1.000000
BoneName: mixamorig:RightArmour1
BoneIndex: 85
BoneParentIndex: 84
BoneChildrenCount: 2
86
90
1.000000 0.000000 -0.000000 0.000000
0.000000 1.000000 -0.000000 0.000000
-0.000000 -0.000000 1.000000 -0.000000
0.000000 0.000000 -0.000000 1.000000
1.000000 -0.000000 -0.000000 0.000000
0.000000 1.000000 -0.000000 0.000000
0.000000 0.000000 1.000000 -0.000000
0.413786 -1.893251 0.055000 1.000000
BoneName: mixamorig:RightArmour2_$AssimpFbx$_Translation
BoneIndex: 86
BoneParentIndex: 85
BoneChildrenCount: 1
87
1.000000 0.000000 -0.000000 0.000000
0.000000 1.000000 -0.000000 0.000000
-0.000000 -0.000000 1.000000 -0.000000
0.038849 -0.094627 0.185849 1.000000
1.000000 0.000000 0.000000 0.000000
0.000000 1.000000 0.000000 0.000000
0.000000 0.000000 1.000000 0.000000
0.000000 0.000000 0.000000 1.000000
BoneName: mixamorig:RightArmour2_$AssimpFbx$_PreRotation
BoneIndex: 87
BoneParentIndex: 86
BoneChildrenCount: 1
88
-0.915900 0.232054 0.327534 0.000000
-0.183487 -0.967759 0.172553 0.000000
0.357016 0.097943 0.928949 -0.000000
0.000000 0.000000 -0.000000 1.000000
1.000000 0.000000 0.000000 0.000000
0.000000 1.000000 0.000000 0.000000
0.000000 0.000000 1.000000 0.000000
0.000000 0.000000 0.000000 1.000000
BoneName: mixamorig:RightArmour2
BoneIndex: 88
BoneParentIndex: 87
BoneChildrenCount: 1
89
1.000000 0.000000 -0.000000 0.000000
0.000000 1.000000 -0.000000 0.000000
-0.000000 -0.000000 1.000000 -0.000000
0.000000 0.000000 -0.000000 1.000000
-0.915900 -0.183487 0.357016 0.000000
0.232054 -0.967759 0.097943 0.000000
0.327534 0.172553 0.928949 -0.000000
-0.803640 1.649261 -0.163857 1.000000
BoneName: mixamorig:RightArmour3
BoneIndex: 89
BoneParentIndex: 88
BoneChildrenCount: 0
1.000000 0.000000 -0.000000 0.000000
0.000000 1.000000 -0.000000 0.000000
-0.000000 -0.000000 1.000000 -0.000000
0.000000 0.110395 -0.000000 1.000000
-0.915900 -0.183487 0.357016 0.000000
0.232054 -0.967759 0.097943 0.000000
0.327534 0.172553 0.928949 -0.000000
-0.803640 1.538866 -0.163857 1.000000
BoneName: mixamorig:RightArmour4_$AssimpFbx$_Translation
BoneIndex: 90
BoneParentIndex: 85
BoneChildrenCount: 1
91
1.000000 0.000000 -0.000000 0.000000
0.000000 1.000000 -0.000000 0.000000
-0.000000 -0.000000 1.000000 -0.000000
-0.026489 -0.114946 -0.221953 1.000000
1.000000 0.000000 0.000000 0.000000
0.000000 1.000000 0.000000 0.000000
0.000000 0.000000 1.000000 0.000000
0.000000 0.000000 0.000000 1.000000
BoneName: mixamorig:RightArmour4_$AssimpFbx$_PreRotation
BoneIndex: 91
BoneParentIndex: 90
BoneChildrenCount: 1
92
0.708032 -0.251875 -0.659734 0.000000
-0.431907 -0.893578 -0.122374 0.000000
-0.558701 0.371589 -0.741468 -0.000000
0.000000 0.000000 -0.000000 1.000000
1.000000 0.000000 0.000000 0.000000
0.000000 1.000000 0.000000 0.000000
0.000000 0.000000 1.000000 0.000000
0.000000 0.000000 0.000000 1.000000
BoneName: mixamorig:RightArmour4
BoneIndex: 92
BoneParentIndex: 91
BoneChildrenCount: 1
93
1.000000 0.000000 -0.000000 0.000000
0.000000 1.000000 -0.000000 0.000000
-0.000000 -0.000000 1.000000 -0.000000
0.000000 0.000000 -0.000000 1.000000
0.708032 -0.431907 -0.558701 0.000000
-0.251875 -0.893578 0.371589 0.000000
-0.659734 -0.122374 -0.741468 -0.000000
0.576923 1.365004 -1.112132 1.000000
BoneName: mixamorig:RightArmour5
BoneIndex: 93
BoneParentIndex: 92
BoneChildrenCount: 0
1.000000 0.000000 -0.000000 0.000000
0.000000 1.000000 -0.000000 0.000000
-0.000000 -0.000000 1.000000 -0.000000
0.000000 0.110395 0.000000 1.000000
0.708032 -0.431907 -0.558701 0.000000
-0.251875 -0.893578 0.371589 0.000000
-0.659734 -0.122374 -0.741468 -0.000000
0.576923 1.254609 -1.112132 1.000000
BoneName: mixamorig:LeftUpLeg_$AssimpFbx$_Translation
BoneIndex: 94
BoneParentIndex: 1
BoneChildrenCount: 1
95
1.000000 0.000000 -0.000000 0.000000
0.000000 1.000000 -0.000000 0.000000
-0.000000 -0.000000 1.000000 -0.000000
0.198991 -0.078851 0.034295 1.000000
1.000000 0.000000 0.000000 0.000000
0.000000 1.000000 0.000000 0.000000
0.000000 0.000000 1.000000 0.000000
0.000000 0.000000 0.000000 1.000000
BoneName: mixamorig:LeftUpLeg_$AssimpFbx$_PreRotation
BoneIndex: 95
BoneParentIndex: 94
BoneChildrenCount: 1
96
-1.000000 0.000002 -0.000000 0.000000
-0.000001 -0.956250 -0.292551 0.000000
-0.000001 -0.292551 0.956250 -0.000000
0.000000 0.000000 -0.000000 1.000000
1.000000 0.000000 0.000000 0.000000
0.000000 1.000000 0.000000 0.000000
0.000000 0.000000 1.000000 0.000000
0.000000 0.000000 0.000000 1.000000
BoneName: mixamorig:LeftUpLeg
BoneIndex: 96
BoneParentIndex: 95
BoneChildrenCount: 1
97
1.000000 0.000000 -0.000000 0.000000
0.000000 1.000000 -0.000000 0.000000
-0.000000 -0.000000 1.000000 -0.000000
0.000000 0.000000 -0.000000 1.000000
-1.000000 0.000002 0.000004 0.000000
-0.000004 -0.956250 -0.292551 0.000000
0.000004 -0.292551 0.956250 -0.000000
0.198995 0.851793 0.256875 1.000000
BoneName: mixamorig:LeftLeg_$AssimpFbx$_Translation
BoneIndex: 97
BoneParentIndex: 96
BoneChildrenCount: 1
98
1.000000 0.000000 -0.000000 0.000000
0.000000 1.000000 -0.000000 0.000000
-0.000000 -0.000000 1.000000 -0.000000
0.000000 0.382829 0.000000 1.000000
1.000000 0.000000 0.000000 0.000000
0.000000 1.000000 0.000000 0.000000
0.000000 0.000000 1.000000 0.000000
0.000000 0.000000 0.000000 1.000000
BoneName: mixamorig:LeftLeg_$AssimpFbx$_PreRotation
BoneIndex: 98
BoneParentIndex: 97
BoneChildrenCount: 1
99
1.000000 0.000000 0.000000 0.000000
-0.000000 0.750908 0.660407 0.000000
-0.000000 -0.660407 0.750908 -0.000000
0.000000 0.000000 -0.000000 1.000000
1.000000 0.000000 0.000000 0.000000
0.000000 1.000000 0.000000 0.000000
0.000000 0.000000 1.000000 0.000000
0.000000 0.000000 0.000000 1.000000
BoneName: mixamorig:LeftLeg_$AssimpFbx$_Rotation
BoneIndex: 99
BoneParentIndex: 98
BoneChildrenCount: 1
100
1.000000 -0.000007 0.000005 0.000000
0.000007 1.000000 -0.000000 0.000000
-0.000005 0.000000 1.000000 -0.000000
0.000000 0.000000 -0.000000 1.000000
1.000000 0.000000 0.000000 0.000000
0.000000 1.000000 0.000000 0.000000
0.000000 0.000000 1.000000 0.000000
0.000000 0.000000 0.000000 1.000000
BoneName: mixamorig:LeftLeg
BoneIndex: 100
BoneParentIndex: 99
BoneChildrenCount: 1
101
1.000000 0.000000 -0.000000 0.000000
0.000000 1.000000 -0.000000 0.000000
